0 1217 274 288 726 1205 785 478 313 398 600 432 478 
1 1233 260 283 744 1183 780 474 314 384 599 453 474 
2 1240 256 281 651 1155 778 491 304 335 576 443 497 
3 1117 786 508 307 1239 254 288 629 319 582 433 491 
4 1066 789 492 306 303 584 410 492 1242 266 289 605 
5 1025 782 494 329 1245 288 286 675 270 559 415 531 
6 1244 312 283 626 976 798 524 310 242 569 453 515 
7 195 562 440 521 1241 312 283 626 940 778 538 315 
8 177 576 443 505 920 786 492 297 1240 305 281 654 
9 176 628 416 445 948 781 526 312 1239 298 276 653 
10 167 677 403 398 970 765 538 327 1229 284 278 625 
11 165 664 401 411 996 764 555 333 1221 278 283 623 
12 1074 771 549 325 142 600 438 475 1210 289 280 542 
13 1135 773 533 318 139 581 447 496 1200 284 281 609 
14 138 582 450 493 1183 311 271 630 
15 141 643 435 451 1174 324 270 692 
16 139 652 443 450 1304 757 498 333 1179 327 254 741 
17 1315 756 516 337 158 600 452 488 1160 343 269 662 
18 1443 753 267 180 1315 765 515 325 173 596 447 494 1159 334 265 681 
19 1301 751 505 336 169 593 461 500 1157 327 264 689 
20 1266 754 514 330 180 585 454 511 1167 326 257 685 
21 1385 749 253 199 1250 765 541 323 184 578 454 516 1175 332 249 682 
22 1238 769 554 317 179 575 468 524 1189 336 232 659 
23 1226 774 560 310 182 582 461 529 1201 328 228 646 
24 180 576 465 528 1225 324 241 634 
25 1191 794 525 295 185 582 458 528 1233 318 253 642 
26 1197 792 502 305 180 602 462 512 1251 305 243 666 
27 1193 797 497 300 1263 294 236 675 176 601 476 516 
28 1181 808 515 293 1277 279 227 717 190 601 455 510 
29 1320 793 242 210 1314 281 204 607 1180 815 522 280 195 579 452 518 
30 1177 817 527 279 1321 793 246 212 1316 280 222 740 194 580 448 511 
31 1320 794 248 212 1174 819 535 275 1328 275 213 606 202 583 434 507 
32 1183 820 527 277 1323 270 224 751 202 591 426 502 
33 1335 267 223 630 203 597 420 497 
34 1183 803 538 284 1338 275 219 609 195 599 428 494 
35 1338 779 241 198 1339 276 218 738 
36 198 598 422 497 1358 279 202 588 
37 194 606 421 496 1370 285 191 561 
38 1339 761 235 188 1392 307 187 493 189 611 427 487 
39 1400 300 202 512 187 601 434 491 
40 1416 304 191 522 205 602 417 502 
41 1312 732 223 189 204 600 419 506 1426 305 190 545 
42 1314 727 224 187 203 597 421 503 1432 321 189 528 
43 1176 758 552 325 206 603 420 496 1450 325 174 527 
44 1181 713 546 370 195 597 438 501 1472 311 172 511 
45 199 587 437 509 1471 314 178 496 
46 1239 706 542 375 1480 312 184 500 196 577 440 519 
47 1496 305 178 507 195 579 442 517 
48 1246 703 541 376 1499 303 194 516 198 585 441 510 
49 1524 299 172 524 200 587 440 514 
50 1552 298 168 542 206 594 432 512 
51 1277 702 512 372 1416 731 229 190 202 582 437 518 
52 1415 731 241 193 1292 710 495 361 1567 297 190 559 208 583 432 519 
53 1385 737 281 220 1303 708 488 352 206 583 432 520 
54 1385 735 281 229 1583 299 191 589 1310 717 484 342 206 588 437 513 
55 1387 739 281 226 1314 722 472 338 205 587 439 520 
56 1621 306 211 676 1389 744 273 220 1317 718 459 348 211 596 426 499 
57 1398 746 253 206 205 593 433 507 
58 1387 751 272 205 196 596 433 499 
59 197 596 428 494 
60 1295 757 501 328 215 584 419 508 
61 1673 290 240 710 1304 754 510 335 244 584 418 504 
62 1704 294 207 716 1322 757 499 329 243 579 441 504 
63 1716 310 204 678 1335 760 522 331 250 549 469 547 
64 1723 308 198 675 1344 769 524 321 267 530 470 559 
65 1396 773 499 319 286 517 472 564 
66 72 442 327 669 1416 780 476 306 319 496 453 594 
67 1410 787 486 308 121 424 705 627 
68 150 396 350 699 124 451 726 590 
69 183 457 284 639 379 510 496 560 
70 1331 701 536 380 250 500 272 597 1747 335 163 597 413 508 482 569 
71 1303 711 568 359 1739 325 171 613 401 494 490 581 
72 1284 697 579 373 1739 322 170 614 363 421 522 662 
73 1263 677 611 398 1728 320 182 543 365 409 511 672 
74 1728 325 180 520 1232 669 622 404 367 508 483 571 
75 1726 315 181 545 1228 667 599 413 340 501 474 583 
76 1733 307 176 659 1229 658 578 417 299 516 479 559 580 338 351 732 
77 1721 311 186 667 1213 627 600 445 600 374 374 684 268 498 481 579 
78 1723 306 183 681 1213 613 576 452 239 546 483 533 649 358 371 700 
79 1170 599 569 479 691 334 368 740 225 510 499 570 
80 1720 296 197 717 1227 598 539 461 226 544 472 526 764 282 314 778 
81 1719 289 198 717 1192 582 525 492 237 527 437 544 818 262 299 802 
82 854 275 291 773 1233 584 516 475 241 503 423 572 
83 1229 580 531 484 898 279 291 775 249 492 435 588 
84 921 261 295 792 1217 572 559 495 266 400 376 676 
85 1217 581 578 483 281 399 357 675 934 287 321 744 
86 1757 281 157 731 276 480 479 595 1236 569 586 497 965 301 319 703 
87 1758 262 156 776 294 468 350 624 1248 567 603 506 977 301 355 707 
88 303 453 340 642 1297 586 574 499 1059 275 309 714 
89 1309 589 584 509 308 404 332 673 1127 259 279 741 
90 1371 590 550 484 317 399 314 683 1147 259 284 736 
91 1364 575 563 502 326 391 309 684 1157 268 300 728 
92 1375 566 549 512 329 384 303 685 1170 264 278 730 
93 1378 573 546 503 326 375 314 685 1186 246 260 752 
94 339 338 300 734 1368 580 559 495 1192 235 258 771 
95 353 335 287 739 1364 576 559 497 1217 233 242 706 
96 1293 584 617 495 1221 234 241 665 370 259 320 798 
97 1272 584 628 494 368 232 322 832 1224 229 235 666 
98 1273 588 617 493 371 261 320 783 1223 227 242 659 
99 381 309 315 690 1265 578 604 496 1223 211 252 685 
100 1252 572 604 506 1221 216 261 618 412 266 281 744 
101 1235 558 622 521 1228 202 269 640 434 254 261 673 
102 1238 554 611 526 1246 204 256 608 447 280 254 610 
103 1746 390 168 668 1242 562 599 518 1237 179 274 617 469 250 265 666 
104 1750 409 162 653 1249 556 579 528 1236 186 275 586 473 240 261 655 
105 1741 391 171 674 1250 556 590 528 1249 188 251 582 486 252 251 640 
106 1748 383 161 681 1257 179 237 595 1260 562 589 519 483 245 260 631 
107 1732 401 173 523 1278 580 576 505 1248 176 233 597 483 254 260 619 
108 1718 391 183 522 1290 581 581 503 476 260 267 599 1231 164 232 582 
109 1596 373 284 402 1313 576 567 504 489 219 244 603 1226 166 220 561 
110 1798 291 119 424 1648 367 178 309 1310 571 593 502 490 209 240 602 1212 164 216 550 
111 1797 290 121 441 1637 357 179 313 1359 604 563 459 485 204 258 607 1194 157 225 545 
112 1797 286 118 456 1624 332 175 356 1362 604 564 457 483 179 255 645 1183 137 222 565 
113 1593 329 184 377 1360 618 569 440 489 165 245 661 1175 134 217 565 
114 1534 329 236 490 498 164 233 658 1367 616 559 443 1171 131 197 557 
115 1542 315 216 413 1358 596 567 470 496 173 246 653 1172 134 180 550 
116 1324 642 548 433 515 170 230 656 1149 139 189 528 
117 1523 326 235 377 1293 616 581 453 530 177 216 645 1140 130 191 546 
118 1764 258 147 780 1267 596 595 480 1492 320 229 379 524 175 226 649 1126 124 194 554 
119 1493 327 197 336 1235 613 607 457 527 166 225 666 1127 120 186 563 
120 1354 372 360 391 1475 332 201 333 1207 599 604 468 548 166 200 657 1124 116 169 533 
121 1349 371 368 405 1434 335 204 312 1202 571 579 501 549 162 200 663 1117 118 150 531 
122 1747 201 163 770 1423 328 199 319 1153 546 580 527 586 161 176 672 1085 128 173 542 
123 1758 252 154 789 1413 333 187 306 1154 500 550 579 545 158 205 675 1051 139 209 521 
124 1362 324 199 316 1753 248 161 794 537 156 215 674 1144 492 547 589 1015 119 228 526 
125 1757 252 157 781 1152 413 522 644 535 171 216 654 1016 121 219 524 
126 1752 258 162 772 526 179 220 629 1152 402 511 650 1012 118 220 528 
127 518 200 223 608 1137 474 521 609 1015 120 207 526 
128 507 213 229 586 1750 197 165 781 1120 340 531 762 991 136 200 529 
129 1740 199 176 777 974 145 182 514 
130 1132 316 507 761 963 144 173 513 
131 1131 300 487 788 958 142 167 518 
132 1155 265 241 581 459 181 222 526 1756 268 157 753 1137 290 461 791 916 133 196 535 
133 434 193 239 490 1759 204 156 771 1123 238 243 633 1152 476 406 624 884 138 220 532 
134 1117 231 231 577 1760 261 150 772 435 193 234 497 1113 325 477 766 880 142 213 528 
135 1754 276 157 752 1072 256 469 850 440 173 226 536 883 149 207 518 
136 1744 275 169 747 1042 265 483 826 446 177 219 529 871 146 216 526 
137 447 181 216 509 865 144 205 520 
138 989 264 498 818 442 184 218 481 841 136 201 532 
139 1677 225 233 844 435 177 222 492 834 137 198 539 
140 1614 245 290 807 937 273 515 795 488 187 157 353 
141 1600 362 309 707 806 162 212 537 494 201 152 406 911 382 500 706 
142 1596 247 313 807 493 192 153 422 788 150 238 533 890 394 517 694 
143 490 156 153 401 1578 280 334 754 745 163 219 526 869 391 509 693 
144 890 236 245 408 489 165 148 397 1496 246 420 816 853 348 534 747 729 181 213 508 
145 494 163 141 404 888 215 235 417 851 341 529 751 1545 375 367 664 728 154 199 534 
146 882 220 213 430 868 384 493 701 1476 258 436 823 693 142 212 547 
147 677 140 202 561 860 327 513 756 1477 241 440 833 
148 501 134 132 434 869 212 200 475 659 122 193 571 1487 233 430 853 876 400 501 677 
149 850 220 194 547 484 143 154 429 1510 287 330 769 644 129 175 552 900 386 491 701 
150 486 134 155 431 1496 309 325 788 842 212 196 607 916 391 485 701 632 121 188 568 
151 483 129 150 437 1475 314 339 788 821 212 210 600 921 384 490 709 624 124 186 566 
152 800 231 214 565 475 125 151 440 1477 296 325 816 923 378 496 719 616 125 188 564 
153 471 132 155 437 755 246 242 617 1450 327 307 766 930 377 484 719 601 126 184 584 
154 466 139 150 417 1443 326 312 683 597 131 164 596 929 367 486 739 755 240 235 570 
155 1434 335 304 650 933 370 482 733 583 125 176 609 729 236 259 571 
156 1425 318 300 678 932 373 485 724 708 233 269 578 560 104 175 623 
157 1424 285 291 740 932 366 484 735 688 251 274 605 551 115 174 611 
158 1405 279 266 770 944 375 490 716 528 113 188 654 670 215 251 607 
159 436 94 116 506 510 145 193 571 1405 254 256 825 948 377 485 707 648 236 252 554 
160 466 144 210 544 638 241 229 543 1397 237 265 842 955 380 468 702 
161 450 137 213 584 1392 243 247 817 952 378 476 703 606 224 229 566 
162 440 119 215 621 603 238 227 548 958 377 466 702 1384 210 251 881 
163 488 123 139 476 958 380 472 708 1375 238 259 841 594 239 226 552 
164 485 119 136 483 587 237 235 547 959 379 478 707 1368 221 252 859 
165 480 121 136 482 582 224 227 566 1365 229 244 834 968 388 472 691 
166 581 202 196 617 481 118 130 478 1345 250 240 789 970 387 477 691 
167 1297 252 286 661 541 188 214 594 978 383 472 694 
168 546 166 204 655 968 308 522 771 
169 1194 217 372 577 975 369 489 704 545 183 198 606 
170 1180 201 355 603 972 372 493 704 539 190 202 581 
171 1082 197 436 481 965 388 485 674 539 188 194 583 
172 1262 254 202 506 953 391 481 670 529 180 198 605 
173 1115 164 163 258 1236 259 212 506 519 171 193 548 920 383 485 702 
174 1173 244 237 510 1076 154 182 277 511 156 195 560 898 397 492 681 
175 1051 152 174 291 1156 245 227 512 509 155 197 559 873 408 481 665 
176 1105 222 259 549 499 154 211 566 842 400 483 681 
177 1087 221 248 553 470 172 207 520 804 404 494 669 
178 263 136 244 429 626 106 115 379 1107 227 207 726 461 153 211 527 741 315 518 769 
179 1103 244 193 783 636 109 144 384 263 134 241 417 462 131 205 574 685 255 551 833 
180 259 137 244 420 644 113 139 379 464 140 202 543 652 217 561 855 
181 1040 223 188 563 649 101 131 398 256 140 248 420 476 166 192 490 639 199 579 872 
182 251 141 258 417 481 137 182 487 637 221 558 845 
183 658 98 122 385 989 223 175 303 254 139 255 411 481 135 182 484 656 237 525 836 
184 262 139 241 410 976 220 170 289 660 100 124 376 478 140 186 465 657 260 514 810 
185 929 210 191 279 259 139 247 411 787 158 144 248 657 90 135 397 478 139 188 468 667 302 505 768 
186 920 218 181 268 261 139 241 415 777 151 140 246 658 94 131 389 481 139 183 467 650 280 519 781 
187 257 143 248 408 771 153 127 221 661 92 125 389 494 142 158 452 653 266 515 799 
188 257 143 245 408 660 95 121 375 494 142 154 456 630 272 486 806 
189 673 106 171 316 257 141 245 409 475 130 185 471 634 272 480 806 
190 256 139 250 421 660 96 171 352 491 133 155 440 641 241 468 832 
191 260 139 239 415 668 100 160 319 491 138 157 429 638 252 463 820 
192 675 97 156 251 257 143 249 417 455 118 196 457 657 194 424 875 
193 624 149 180 536 265 144 227 419 480 132 156 428 694 183 418 904 
194 256 137 249 421 613 143 186 553 479 138 158 420 669 218 406 850 
195 259 141 246 412 482 140 146 421 667 205 404 870 
196 480 139 142 431 509 122 215 499 259 145 248 415 718 95 141 175 658 228 413 837 
197 261 144 248 415 718 104 139 158 500 131 212 485 631 207 418 883 
198 536 148 148 425 232 157 246 398 715 109 144 152 604 197 440 878 
199 236 155 240 399 521 137 163 253 739 114 124 153 582 223 462 845 
200 234 154 242 403 491 123 167 281 733 105 127 214 569 235 441 842 
201 737 107 122 241 494 125 141 212 239 151 234 413 540 235 475 835 
202 453 238 527 825 
203 443 215 449 845 
204 724 98 133 380 444 220 401 836 
205 718 100 131 391 422 217 395 829 
206 261 144 242 409 710 102 147 400 466 216 325 767 
207 482 120 128 287 267 151 237 402 705 98 146 409 472 213 310 772 
208 275 153 229 398 699 99 148 406 478 194 296 808 
209 488 142 134 260 298 150 173 274 701 100 146 403 469 262 307 725 
210 297 148 173 275 692 103 157 393 467 194 284 775 
211 300 143 163 283 687 106 152 388 459 174 285 761 
212 305 141 157 270 685 102 154 388 441 173 276 709 
213 555 106 125 206 310 134 151 290 677 101 163 386 435 182 274 689 
214 310 135 138 288 547 108 123 212 678 100 157 394 420 181 280 671 
215 545 112 119 331 317 128 126 321 675 100 159 394 409 192 284 656 
216 521 108 120 329 295 136 120 281 675 104 160 390 395 184 280 659 
217 510 116 132 449 297 139 106 262 678 101 151 395 356 187 291 637 
218 506 115 131 457 298 141 106 249 678 101 153 395 350 169 278 648 
219 498 108 135 345 483 118 172 642 297 141 102 245 675 100 158 399 337 182 285 618 
220 508 105 134 472 296 143 101 244 674 102 155 400 339 166 277 632 
221 295 144 103 242 509 90 134 501 673 103 159 399 344 164 270 638 
222 291 145 115 245 507 102 141 471 672 103 164 395 352 155 254 590 
223 288 142 114 252 508 104 137 462 671 101 165 400 356 154 250 581 
224 290 139 110 268 517 106 122 476 671 100 168 402 371 145 231 582 
225 513 91 123 387 290 142 108 253 671 101 164 400 371 143 233 561 
226 398 113 64 149 513 85 123 400 293 140 103 270 672 101 160 397 375 135 223 567 
227 397 115 65 145 519 86 122 389 293 141 110 425 672 102 160 397 374 130 225 585 
228 518 84 127 387 292 140 110 270 671 102 162 399 378 126 218 586 
229 516 86 131 387 290 140 111 272 672 104 162 394 377 135 218 562 
230 293 138 105 281 480 86 175 553 669 102 163 399 387 123 198 580 
231 375 112 76 148 294 141 105 279 472 89 183 543 671 103 158 398 393 134 193 549 
232 356 119 88 149 291 143 104 273 553 86 106 433 658 85 135 443 390 127 197 494 
233 288 145 111 271 349 115 92 158 541 85 123 438 660 80 127 454 385 131 204 482 
234 350 115 88 155 286 145 117 271 546 86 123 482 658 78 124 458 385 125 205 497 
235 284 132 140 429 555 84 109 441 650 87 128 441 388 121 202 497 
236 301 133 152 410 559 73 109 456 649 91 129 434 393 128 202 479 
237 560 74 104 453 300 123 153 427 642 86 134 444 387 136 214 471 
238 287 118 198 473 638 92 133 435 394 126 211 471 
239 282 120 202 452 638 97 126 427 430 106 196 466 
240 282 124 203 443 631 106 132 410 435 103 193 465 
241 280 127 205 443 629 114 131 423 439 100 189 473 
242 280 129 212 448 439 103 185 470 625 120 130 415 
243 285 128 201 446 459 111 152 457 614 108 130 438 
244 285 131 197 442 442 100 187 473 616 110 120 432 
245 286 126 200 445 596 109 121 435 452 99 158 460 
246 284 130 203 435 586 120 123 414 459 105 150 404 
247 283 128 201 437 576 116 124 425 464 98 142 409 
248 283 130 203 429 567 118 124 423 464 92 138 426 
249 649 73 84 215 285 131 202 429 467 82 129 448 559 131 125 415 
250 285 133 208 428 554 146 126 398 458 100 197 471 
251 662 71 115 224 462 102 199 472 545 158 139 386 287 133 204 427 
252 667 67 118 224 280 136 207 421 464 99 202 483 
253 664 65 130 230 278 135 213 418 465 99 196 479 
254 277 135 212 420 450 109 206 489 
255 275 131 219 431 443 117 196 473 
256 679 74 144 218 257 136 195 448 435 126 203 469 
257 267 129 157 436 442 117 193 490 
258 271 133 156 433 439 133 192 479 
259 271 133 148 435 440 136 189 485 
260 428 168 202 463 
261 417 164 181 472 
262 411 128 185 504 
263 404 129 186 498 
264 733 68 120 234 398 130 182 501 
265 730 67 120 236 586 95 121 247 393 114 175 523 
266 726 69 122 226 586 94 118 238 418 169 136 467 
267 725 72 116 220 588 96 113 223 384 119 177 517 
268 289 136 113 280 726 76 78 201 586 91 110 226 391 108 172 531 
269 291 133 114 285 708 68 112 226 586 92 114 219 392 114 172 526 
270 720 60 80 202 163 161 57 58 294 135 108 283 584 97 111 210 395 145 170 508 
271 704 68 118 227 295 124 119 440 585 98 111 214 395 146 191 515 
272 293 136 115 263 720 59 84 201 581 95 109 231 398 158 201 495 
273 326 134 120 279 720 63 82 190 579 92 107 248 408 161 193 481 
274 332 132 114 283 722 77 79 200 578 92 108 252 429 135 202 484 
275 341 123 109 315 576 94 105 255 726 76 76 204 446 130 190 479 
276 342 99 108 484 579 94 100 246 725 75 76 204 457 117 181 491 
277 713 67 112 232 583 94 100 244 461 111 176 490 
278 587 94 98 240 354 112 124 460 718 61 89 204 463 113 184 489 
279 587 94 99 233 355 127 129 318 728 82 81 195 467 107 190 490 
280 583 104 77 162 356 98 129 479 468 103 188 496 
281 585 102 72 159 355 96 137 481 466 102 195 485 
282 357 106 132 463 492 114 224 443 
283 741 94 91 176 365 123 120 324 523 130 165 397 
